0,1,100,1
1,1,100,1
2,1,100,1
3,1,100,1
4,1,100,1
5,1,100,1
6,1,100,1
7,1,100,1
8,1,100,1
9,1,100,1
10,1,100,1
11,1,100,1
12,1,100,1
13,1,100,1
14,1,100,1
15,1,100,1
16,1,100,1
17,1,100,1
18,1,100,1
19,1,100,1
20,1,100,1
21,1,100,1
22,1,100,1
23,1,100,1
24,1,100,1
25,1,100,1
26,1,100,1
27,1,100,1
28,1,100,1
29,2,100,101,1,-1
30,2,100,101,1,-1
31,2,100,101,1,-1
32,2,100,101,1,-1
33,2,100,101,1,-1
34,2,100,101,1,-1
35,2,100,101,1,-1
36,2,100,101,1,-1
37,2,100,101,1,-1
38,2,100,101,1,-1
39,2,100,101,1,-1
40,2,100,101,1,-1
41,2,100,101,1,-1
42,2,100,101,1,-1
43,2,100,101,1,-1
44,2,100,101,1,-1
45,2,100,101,1,-1
46,2,100,101,1,-1
47,2,100,101,1,-1
48,2,100,101,1,-1
49,2,100,101,1,-1
50,1,101,-1
51,1,101,-1
52,1,101,-1
53,1,101,-1
54,1,101,-1
55,1,101,-1
56,1,101,-1
57,1,101,-1
58,1,101,-1
59,1,101,-1
60,1,101,-1
61,1,101,-1
62,1,101,-1
63,1,101,-1
64,1,101,-1
65,1,101,-1
66,1,101,-1
67,1,101,-1
68,1,101,-1
69,1,101,-1
70,1,101,-1
71,1,101,-1
72,1,101,-1
73,1,101,-1
74,1,101,-1
75,1,101,-1
76,1,101,-1
77,1,101,-1
78,1,101,-1
79,1,101,-1
80,1,102,1
81,1,102,1
82,1,102,1
83,1,102,1
84,1,102,1
85,1,102,1
86,1,102,1
87,1,102,1
88,1,102,1
89,1,102,1
90,1,102,1
91,1,102,1
92,1,102,1
93,1,102,1
94,1,102,1
95,1,102,1
96,1,102,1
97,1,102,1
98,1,102,1
99,1,102,1
